1864
1902
1499
1994
1604
1457
1843
1065
1670
1707
1106
1629
1615
1667
1358
1919
1280
1883
1939
1568
1872
1122
1705
1091
1129
1780
1768
1401
1081
1017
1549
1108
1371
1804
1492
1150
1906
1053
1944
1146
1196
1082
1977
1750
1418
1672
1081
1754
1999
1858
1749
1566
1901
1792
1423
1167
1062
1563
1270
1898
1463
1985
1052
1721
1135
1570
1754
1299
1396
1163
1144
1405
1793
1795
1925
1337
1697
1736
1141
1342
1818
1670
1525
1219
1891
1960
1896
1361
1578
1551
1470
1330
1523
1101
1411
1059
1830
1806
1732
1875

1, 3, 5, 10, 15, 16, 20, 24, 25, 30