190141
145323
155850
180340
170647
151271
115992
186207
152878
144816
123374
115336
181356
169151
198705
122884
111963
180229
111876
185556
148293
115897
193481
103199
195255
117705
172504
195406
192708
104025
145236
149273
190634
125660
130391
134028
154044
150096
180692
167509
158267
128065
154082
165874
130243
107294
146113
155141
166142
172124
169838
160144
199369
154318
157180
172985
178120
109360
117835
196491
145482
151517
183329
186715
186570
165153
170282
114529
134899
114918
155769
199845
195662
108365
182857
120953
149641
110567
143963
190624
166910
128650
165570
118613
124062
133870
193816
121586
130879
101626
193345
163015
141312
172966
159981
189183
165122
144990
166337
157694

1, 3, 5, 10, 15, 16, 20, 24, 25, 30, 37, 38, 49, 50, 74, 75, 100, 101