3544 2752
3734 3208
3665 2506
3797 3057
3561 3037
3557 2908
3988 2958
3967 2900
3700 3700
3816 3407
3587 3446
3927 3402
3957 3052
3908 3290
3947 3060
3663 3021
3604 3145
3955 3482
3982 2739
3599 3011
3850 3264
3618 2571
3539 3418
3822 2536
3964 2756
3629 2834
3655 2665
3875 2701
3727 3254
3525 2770
3755 3119
3889 3112
3759 2670
3877 2722
3737 2668
3542 2976
3661 3221
3833 2586
3506 3084
3950 2877
3900 3291
3678 2822
3620 2817
3976 1989
3622 3156
3611 2721
3553 2922
3570 3141
3845 3311
3766 2928
3705 3360
3840 3404
3785 3412
3959 3305
3649 3203
3666 2572
3916 3173
3793 3278
3652 3296
3642 2954
3551 2879
3515 2941
3980 3352
3673 2639
3669 3154
3696 3483
3917 3370
3971 3012
3566 3064
3828 2649
3714 3153
3639 3477
3885 2700
3603 2902
3979 3215
3855 3367
3732 2715
3717 2529
3919 3015
3776 2823
3995 3396
3625 2905
3706 3357
3751 2848
3874 3323
3564 3273
3533 3332
3996 2837
3983 3151
3895 2937
3830 2865
3906 3053
3738 3393
3520 3056
3688 2546
3810 2882
3972 3390
3733 3271
3555 3329
3608 3122
3937 3276
3746 2708
3811 3459
3591 3277
3852 3007
3992 2669
3578 2872
3958 2986
3819 3315
3909 3032
3932 2604
3786 3050
3650 3128
3686 2711
3993 2583
3668 2888
3502 3248
3868 3430
3893 2927
3526 2847
3708 3286
3643 3249
3768 2896
3726 3213
3787 2939
3637 2782
3936 2929
3719 3120
3619 2659
3582 3330
3832 3130
3651 3014
3687 2637
3741 2849
3685 2797
3586 2717
3677 2814
3914 3471
3843 2624
3933 2729
3670 3460
3863 2682
3866 3016
3963 3232
3923 2595
3659 3473
3867 2723
3910 2863
3791 2973
3806 2950
3858 3255
3998 3178
3779 2987
3729 3065
3530 2553
3894 2648
3905 3348
3986 2980
3767 3437
3600 3237
3731 2850
3589 2869
3817 2914
3728 2803
3577 3303
3692 3474
3925 2755
3723 3199
3944 2645
3693 2589
3535 3372
3901 3414
3606 3442
3897 3162
3829 2984
3532 3274
3815 2525
3645 2751
3675 2580
3588 2742
3978 3196
3931 3331
3713 2813
3628 3374
3899 2542
3736 2616
3884 3046
3808 3301
3753 3260
3536 2554
3700 3701
3782 3174
3903 2947
3579 2873
3725 3170
3744 3359
3747 3147
3846 2761
3989 2790
3626 3198
3841 3377
3722 3158
3752 3183
3630 3328
3774 2524
3798 2514
3853 3253
3813 3093
3771 3054
3818 3269
3930 2667
3926 3168
3952 3353
3783 3149
3594 2934
3946 2687
3859 2906
4000 3349
3790 2510
3509 3229
3718 3422
3745 2713
3864 3113
3646 2636
3880 3048
3633 3171
3788 3194
3953 2584
3974 2926
3935 2830
7200 3601
3865 3072
3915 3071
3871 3387
3784 3411
3556 2840
3970 2629
3800 3497
3827 3197
3773 2938
3581 3121
3750 2757
3519 2653
3644 3164
3662 3058
3770 3233
10 10
3951 2728
3559 2892
3597 2919
3543 3317
3938 3347
3648 2924
3701 2651
3907 3089
3518 3186
3826 3025
3985 3217
3552 3268
3512 3366
3934 2597
3975 2625
3681 3491
3511 2535
3835 2532
3707 3487
3558 2825
3763 3427
3890 2566
3836 3107
3667 2644
3609 3432
3775 2774
3820 2643
3929 2519
3548 2539
3602 3399
3711 3433
3549 2764
3878 3447
3862 3114
3881 3206
3969 2671
3598 3280
3844 2769
3616 2522
3657 3110
3545 3375
3712 3394
3523 2736
3576 2727
3623 2641
3742 2661
3565 2875
3984 3465
3954 3481
3898 2940
3956 2633
3949 3143
3994 2777
3641 3165
3516 2612
3607 3083
3789 3036
3710 2839
3762 3294
3522 2864
3968 2945
3540 2561
3777 2678
3674 2582
3698 2567
3699 3379
3883 3322
3831 2971
3580 2559
3521 2716
3848 3033
3987 3159
3780 3157
3913 2560
3583 3038
3709 3429
3839 3289
3749 2995
3888 3259
3613 2557
3537 2605
3961 2883
3802 3378
3562 3420
3824 2886
3621 3358
3960 3136
3854 2588
3872 3244
3941 2880
3920 2874
3796 2690
3769 3300
3615 2509
3991 3324
3595 2543
3821 3073
3593 2911
3792 3410
3716 3135
3679 2526
3653 2738
3568 2749
3918 3240
3660 2517
3715 2843
3664 2932
3683 2857
3617 3150
3772 3449
3997 2748
3849 3470
3876 2528
3966 2628
3528 3251
3517 2608
3778 3219
3546 3490
3567 3155
3631 3055
3758 3099
3765 2634
3534 3261
3794 3137
3965 3190
3761 3063
3640 2591
3689 3398
3700 2504
3505 3182
3760 3298
3882 3103
3503 3440
3803 3028
3781 2547
3940 3163
3704 3224
3694 3234
3571 3327
3795 2642
3754 3059
3605 3335
3799 2558
3990 3133
3730 2785
3531 2731
3911 3239
3804 2724
3873 2758
3682 3419
3691 3041
3690 3257
3697 2647
3857 3395
3809 3320
3554 3148
3638 2733
3825 3409
3672 2656
3851 2815
3632 3461
3569 3212
3724 2640
3879 2916
3834 2590
3924 3492
3658 3488
7202 3602
3869 2734
3610 2771
7198 3600
3842 2998
3508 3184
3590 2672
3529 3043
3541 2623
3939 2518
3962 3126
3656 3076
3886 2910
3720 3062
3942 2961
3504 2854
3636 2696
3902 3098
3684 2807
3948 2955
3999 2630
3575 3010
3574 3225
3634 2816
3743 3397
3627 3345
3573 3241
3601 2833
3981 2635
3921 3161
3928 2575
3740 2767
3922 2725
3764 2978
3676 2773
3680 3325
3624 2617
3647 2982
3748 2871
3805 2523
3739 2959
3654 2681
3801 2935
3912 2966
3823 3354
3977 3096
3973 3049
3572 2946
3896 2562
3814 2679
3695 3118
3614 3326
3847 2983
3612 3146
3592 3338
3892 2660
3524 2577
3887 2619
3860 3413
3943 3321
3671 2992
3560 2942
3904 3238
3538 2894
3861 2507
3702 2801
3585 2735
3735 2820
3635 3478
3514 2960
3870 3468
3550 3391
3703 2686
3812 3086
3584 2812
3945 2689
3596 2991
3510 2521
3527 2885
3721 2923
3837 2990
3501 3205
3756 3293
3700 3702
3807 3493
3891 2587
3838 2795
3563 2705